NT12007	M75L
NT12010	M75L
NT12020	T114I
NT12034	D36N
NT12048	M75L
NT12060	D36N
NT12068	M75L
NT12070	M75L
NT12073	M75L
NT12075	T70M
NT12079	T70S
NT12082	M75L
NT12089	T70M
NT12092	M75L
NT12096	M75L
NT12097	T70M
NT12110	S141T
NT12121	D36N
NT12135	T70M
NT12143	T70M
NT12144	T70S
NT12144	A143S
NT12145	M75L
NT12148	M75L
NT12150	M75L
NT12151	M75L
NT12152	M75L
NT12153	T70M
NT12154	T70M
NT12156	T70M
NT12157	T70M
NT12158	T70M
NT12159	T70M
NT12160	T70M
NT12162	T70M
NT12163	T70M
NT12164	T70S
NT12164	A143S
NT12165	M75L
NT12166	T70M
NT12167	M75L
NT12169	M75L
NT12170	T70M
NT12171	M75L
NT12172	T70M
NT12173	T70M
NT12175	T70S
NT12175	A143S
NT12176	T70S
NT12176	A143S
NT12177	T70S
NT12177	A143S
NT12178	T70S
NT12178	A143S
NT12179	T70M
NT12192	M75L
NT12193	T70M
NT12195	T70S
NT12213	T70S
NT12213	M75L
NT12215	T70S
NT12215	A143S
NT12217	T70S
NT12217	A143S
NT12218	T70S
NT12218	A143S
NT12219	M75L
NT12220	M75L
NT12221	M75L
NT12223	T70M
NT12224	T70M
NT12226	M75L
NT12232	M75L
NT12233	M75L
NT12262	T70M
NT12285	M75L
NT12286	M75L
NT12288	R136L
NT12292	T70M
NT12299	M75L
NT12303	R136L
NT12309	T70M
NT12310	T70M
NT12325	T70M
NT12326	M75L
NT12328	M75L
NT12331	T70M
NT12338	M75L
NT12340	M75L
NT12341	M75L
NT12342	M75L
NT12353	T70S
NT12353	A143S
NT12355	D86E
NT12359	T70S
NT12393	D36N
NT12407	T70M
NT12422	T70M
NT12424	T70M
NT12432	M75L
NT12435	T70M
NT12448	M75L
NT12452	T70M
NT12453	M75L
NT12454	T70M
NT12457	M75L
NT12458	T70M
NT12460	T70S
NT12533	T70M
NT12537	F48L
NT12538	R136L
NT12553	M75L
NT12554	T70M
NT12557	T29A
NT12559	M75L
NT12561	T70S
NT12561	A143S
NT12562	T70M
NT12587	M75L
NT12590	T70M
NT12591	T70S
NT12591	A143S
NT12592	M75L
NT12594	M75L
NT12595	M75L
NT12598	T70M
NT12599	T70M
NT12600	T70M
NT12601	T70M
NT12604	M75L
NT12605	T70M
NT12607	M75L
NT12610	T70M
NT12611	T70M
NT12612	T70M
NT12614	M75L
NT12615	T70M
NT12616	M75L
NT12765	L49V
