NT12100
NT12341
NT12358
NT12393
NT12459
NT12614
