NT12002
NT12006
NT12007
NT12010
NT12011
NT12012
NT12016
NT12029
NT12032
NT12036
NT12037
NT12038
NT12039
NT12048
NT12052
NT12054
NT12055
NT12056
NT12057
NT12060
NT12061
NT12064
NT12068
NT12069
NT12070
NT12073
NT12075
NT12076
NT12079
NT12081
NT12082
NT12089
NT12092
NT12096
NT12097
NT12100
NT12102
NT12111
NT12113
NT12119
NT12120
NT12121
NT12124
NT12125
NT12130
NT12132
NT12133
NT12135
NT12136
NT12143
NT12144
NT12145
NT12146
NT12148
NT12150
NT12151
NT12152
NT12153
NT12154
NT12155
NT12156
NT12157
NT12158
NT12159
NT12160
NT12161
NT12162
NT12163
NT12164
NT12165
NT12166
NT12167
NT12168
NT12169
NT12170
NT12171
NT12172
NT12173
NT12174
NT12175
NT12176
NT12177
NT12178
NT12179
NT12192
NT12193
NT12195
NT12197
NT12204
NT12205
NT12210
NT12211
NT12212
NT12213
NT12215
NT12217
NT12218
NT12219
NT12220
NT12221
NT12223
NT12224
NT12226
NT12230
NT12232
NT12233
NT12262
NT12285
NT12286
NT12292
NT12294
NT12299
NT12302
NT12305
NT12306
NT12309
NT12310
NT12311
NT12314
NT12325
NT12326
NT12327
NT12328
NT12329
NT12331
NT12336
NT12338
NT12340
NT12341
NT12342
NT12353
NT12355
NT12359
NT12362
NT12367
NT12392
NT12394
NT12396
NT12406
NT12407
NT12412
NT12414
NT12420
NT12421
NT12422
NT12424
NT12425
NT12432
NT12435
NT12448
NT12451
NT12452
NT12453
NT12454
NT12457
NT12458
NT12460
NT12532
NT12533
NT12536
NT12537
NT12552
NT12553
NT12554
NT12558
NT12559
NT12560
NT12561
NT12562
NT12564
NT12565
NT12569
NT12570
NT12577
NT12586
NT12587
NT12588
NT12590
NT12591
NT12592
NT12593
NT12594
NT12595
NT12596
NT12597
NT12598
NT12599
NT12600
NT12601
NT12602
NT12603
NT12604
NT12605
NT12606
NT12607
NT12608
NT12609
NT12610
NT12611
NT12612
NT12614
NT12615
NT12616
